0.35412083029822367
0.045253908935079364
0.043730647379823955
0.16693855959073223
0.3086608028689856
0.34589240092498597
0.1612984517119654
0.10089408151615965
0.07462242982493837
0.15791285103429656
0.3855185112250452
0.13267786419351169
0.32884086595170114
0.06616229174333048
0.325615597673993
0.07819452921035143
0.05812632586485533
0.4241980947076227
0.20024317525777385
0.253992158249054
0.2683074569806352
0.35656275426143874
0.06525483945537798
0.20824719209009615
0.21008218697696357
0.042580382112151254
0.10698661901286115
0.20787020304821416
0.13699284386883467
0.07997730210630075
0.14453621512604597
0.10594601940767404
-0.0006824257555452715
0.15521192800495376
0.15961182847063454
0.20861282187938027
0.28185607526554457
0.0992731801318611
0.22537315873618816
0.054667411407461626
0.389625594182231
0.3336203733413152
0.1187214885763171
0.36381912423392165
0.19193613974092047
0.034489167836906406
0.028319377904747766
0.23731528319308834
0.08435810391590612
0.3525247921996738
0.45230633326404696
0.377296923256528
0.18184592876383224
0.22388083878867904
0.07351571754250906
0.0722261161336383
0.24443684284321102
0.06319461737698524
0.4245490521684827
0.24699191074906035
0.3642681415240461
0.276068376689569
0.40837594448781833
0.13033847507276503
0.35212347328512894
0.09943721611120329
0.10006634534252369
0.4050196104131617
0.13656112890328756
0.08011318918584034
0.30898594265368634
0.3067034604681709
0.16018587979512844
0.16166838961480687
0.1249116978728029
0.11673660653626244
0.07824794429195468
0.17361601207198957
0.39454298605558125
0.2021046677597937
0.040704509362203406
0.11970309559274646
0.12852940063499327
