0.35804196353477935
0.06311778130155166
0.049938677539395744
0.18081838271082665
0.2997274779555447
0.3468690789627324
0.1660101433413766
0.11115268451262175
0.04145674666174259
0.148651079120051
0.3912155888984007
0.1318007335757375
0.22562788036281214
0.08426229097356547
0.3299203107755583
0.13452777954165998
0.04294996527335634
0.47309560325564637
0.1782824912050434
0.2702423963946044
0.27237188823842723
0.37615363833035065
0.05633177218122576
0.20925728573719
0.1496112634800069
0.23309512141441555
0.12046884380748675
0.19467188769281207
0.19410033740179497
0.16455335497879336
0.14878839477700487
0.18148696854645005
0.07543761318120801
0.18542837741192517
0.1575935508669264
0.2267982600015972
0.32421016949478476
0.1233106129070319
0.20725566686371835
-0.03252388912449948
0.3134968724562916
0.35518884962680997
0.09715638861160787
0.34442109559669487
0.36485547454711553
0.041269381643688915
0.017250448741051617
0.1749453647764653
0.23016481346702314
0.17696048758083746
0.20098269633433632
0.3988022770543457
0.20372056940162403
0.1764541346835366
0.06596043798755331
0.19541725134970353
0.2034678425723076
0.07000409062585691
0.3504060099854278
0.2954373790999721
0.22901095268809774
0.28500892262014244
0.4365723545298123
0.13721750331108357
0.18532950089122321
0.049780764416946385
0.0937454547175893
0.47122522150343954
0.1326229859638414
0.07861489533263073
0.3245685431624884
0.32918888971259896
0.17948235613622296
0.16084202936860797
0.17656545868575982
0.10759039524020879
0.06706638170752295
0.19614724510972104
0.45347979340249217
0.1427151988738732
0.0338546683014066
0.13941594642150199
0.13137190019794545
