Pos	A	C	G	T
1	0.212647480374317	0.273044769583703	0.170653600346087	0.343654149695893
2	0.185436613360894	0.0422123620177469	0.0352587285478044	0.737092296073555
3	0.762593401738531	0.0284095397546993	0.111801502005786	0.097195556500984
4	0.934206839240311	0.0213211144328032	0.0263033910886436	0.018168655238242
5	0.0536958111206352	0.0319232630539474	0.23353570859576	0.680845217229657
6	0.117060234777731	0.680405285817403	0.0731629122675945	0.129371567137271
7	0.0808272842445594	0.579586306556554	0.096767828108627	0.24281858109026
8	0.201333872479789	0.335279525056075	0.224744586685577	0.238642015778559
9	0.22946637186767	0.280270859494713	0.218275164855793	0.271987603781824
