Pos	A	C	G	T
1	0.191947425528827	0.307114766224769	0.295072623998486	0.205865184247918
2	0.274760865453026	0.20765979490752	0.139198523291563	0.378380816347891
3	0.162258679223405	0.0640197639376443	0.0392201971409019	0.734501359698049
4	0.763601830043694	0.0483297101686492	0.090744375095781	0.097324084691876
5	0.855078917279021	0.0456586815856936	0.0370102079864448	0.0622521931488401
6	0.0625802469976482	0.0566249491143608	0.0712681615148226	0.809526642373169
7	0.0546605513533711	0.076795209918387	0.055209899027292	0.81333433970095
8	0.476064902839839	0.0423324611934642	0.413870943877931	0.0677316920887661
9	0.18879974500376	0.320757986617123	0.314406552935712	0.176035715443406
10	0.208889162622756	0.27363737716677	0.202715554874968	0.314757905335506
