Pos	A	C	G	T
1	0.300985071311127	0.201337372574755	0.201337372574755	0.296340180465797
2	0.318071975881831	0.126110548666983	0.429706923710637	0.126110548666983
3	0.170762151201563	0.0757593433105208	0.677719159103829	0.0757593433105208
4	0.000137590885143216	0.0933140873819607	0.000137590885143216	0.906410727774187
5	0.000137590885143216	0.000137590885143216	0.999587224271005	0.000137590885143216
6	0.999587224271005	0.000137590885143216	0.000137590885143216	0.000137590885143216
7	0.000137590885143216	0.000137590885143216	0.999587224271005	0.000137590885143216
8	0.000137590885143216	0.000137590885143216	0.999587224271005	0.000137590885143216
9	0.239549687854367	0.0488002175419966	0.366148330485172	0.345501761044898
10	0.332154728688868	0.314776511762138	0.229041715025659	0.124027041449769
11	0.271951220621783	0.267554743303048	0.174378246806231	0.286115786195372
