Pos	A	C	G	T
1	0.319451059204238	0.13250284049619	0.153946337343338	0.394099762956235
2	0.366549431017846	0.108216449727596	0.116063027677761	0.409171091576797
3	0.149176585624517	0.103041389024555	0.058858175367964	0.688923849982963
4	0.920083844469573	0.0122370079896566	0.0422863695686108	0.0253927779721593
5	0.100605866112495	0.0574669826052522	0.0285372590183782	0.813389892263874
6	0.162886039559081	0.14886663120063	0.0784962468333865	0.609751082406902
7	0.229364073489635	0.060661582010735	0.500351364953424	0.209622979546206
8	0.405700210699439	0.14924876682045	0.319135088989684	0.125915933490426
9	0.270129044747722	0.210376711588738	0.182892726760113	0.336601516903428
10	0.273403019146536	0.198531339097025	0.151554753256816	0.376510888499623
