Pos	A	C	G	T
1	0.554203539823009	0.111725663716814	0.111725663716814	0.222345132743363
2	0.0629675810473816	0.000623441396508728	0.000623441396508728	0.935785536159601
3	0.887472283813747	0.000554323725055432	0.0559866962305987	0.0559866962305987
4	0.998337028824834	0.000554323725055432	0.000554323725055432	0.000554323725055432
5	0.000554323725055432	0.000554323725055432	0.000554323725055432	0.998337028824834
6	0.000554323725055432	0.499445676274945	0.277716186252772	0.222283813747228
7	0.176643192488263	0.000586854460093897	0.822183098591549	0.000586854460093897
8	0.466090425531915	0.0671542553191489	0.466090425531915	0.000664893617021277
9	0.00110619469026549	0.111725663716814	0.00110619469026549	0.886061946902655
