Pos	A	C	G	T
1	0.278438802032759	0.230257510592626	0.186643110609315	0.304660576765301
2	0.402737044916859	0.0713989994019569	0.110861741757667	0.415002213923516
3	0.0938832568898373	0.189057662725708	0.0702494207397249	0.64680965964473
4	0.11686584350607	0.0173055392917655	0.639717479058396	0.226111138143769
5	0.86860802852711	0.00917875857395401	0.0259686999234951	0.0962445129754409
6	0.0215447033465626	0.916104097086071	0.0282227954843038	0.0341284040830623
7	0.922942264317303	0.000234000197815919	0.0399475235228113	0.0368762119620699
8	0.299329334873521	0.109021424922051	0.0352175459190849	0.556431694285343
9	0.164244556988192	0.190824950485784	0.545311133013356	0.0996193595126686
10	0.248950664047894	0.227523775470809	0.17024775195107	0.353277808530228
