Pos	A	C	G	T
1	0.227300660459682	0.227300660459682	0.227300660459682	0.318098025450293
2	0.166123033711643	0.244122535394138	0.423631404011914	0.166123033711643
3	0.134747327154184	0.0442750731459914	0.215149795349222	0.605827811179942
4	0.999540391208639	0.000153205206899572	0.000153205206899572	0.000153205206899572
5	0.000153205206899572	0.999540391208639	0.000153205206899572	0.000153205206899572
6	0.999540391208639	0.000153205206899572	0.000153205206899572	0.000153205206899572
7	0.000153205206899572	0.000153205206899572	0.000153205206899572	0.999540391208639
8	0.000153205206899572	0.000153205206899572	0.999540391208639	0.000153205206899572
9	0.0228525464545522	0.0976201708502233	0.0228525464545522	0.856674743070011
10	0.233342011742197	0.508125394673767	0.0840301732025911	0.174502427210784
11	0.29578227484308	0.205878133768243	0.292461464449772	0.205878133768243
