Pos	A	C	G	T
1	0.193530971341162	0.163275271446949	0.137749601943969	0.505444155267921
2	0.137233796268382	0.327564837735214	0.247568178644564	0.287633187351841
3	0.684558961623446	0.00133479107344116	0.292590722039175	0.0215155252639374
4	0.941574949912089	0.000118546967509949	0.0290074865171308	0.0292990166032703
5	0.0159208946560597	0.0145506021238122	0.932279232163579	0.0372492710565486
6	0.261319831615416	0.0225502255028357	0.0733868721311496	0.642743070750599
7	0.468771690622915	0.0129373160187197	0.478241506938491	0.0400494864198747
8	0.141145092867286	0.395356697297215	0.278603155792341	0.184895054043157
9	0.201062691399323	0.291085418037982	0.189353711788796	0.3184981787739
10	0.175399413236237	0.243974993549258	0.234408597220967	0.346216995993538
