Pos	A	C	G	T
1	0.298008901786654	0.182568118951523	0.241561320955705	0.277861658306119
2	0.320414944887856	0.151353302982549	0.155962697286417	0.372269054843177
3	0.153504345261901	0.235975709634075	0.162996523850952	0.447523421253072
4	0.16094172663899	0.121637140321312	0.459915304991376	0.257505828048322
5	0.657781873966966	6.35482109344915e-07	0.214620934785293	0.127596555765632
6	0.0825306861057835	0.701464418771784	0.0209716217209991	0.195033273401434
7	0.535179925043742	0.0958326076449802	0.183571272674679	0.185416194636599
8	0.247466064730297	0.219482710207719	0.16754860034169	0.365502624720295
9	0.219156063687972	0.223583309848703	0.34028520204356	0.216975424419765
10	0.245195666024031	0.255202290981366	0.228618923671232	0.270983119323372
