Pos	A	C	G	T
1	0.298399595730163	0.191365120034934	0.191365120034934	0.318870161277376
2	0.345801498471326	0.140626720671197	0.140626720671197	0.372945057263688
3	0.0441795883600548	0.0441795883600548	0.0441795883600548	0.867461231997244
4	0.000195146709149325	0.000195146709149325	0.912393760366121	0.0872159432929881
5	0.999414556949959	0.000195146709149325	0.000195146709149325	0.000195146709149325
6	0.000195146709149325	0.000195146709149325	0.000195146709149325	0.999414556949959
7	0.0872159432929881	0.000195146709149325	0.912393760366121	0.000195146709149325
8	0.000195146709149325	0.176900963479641	0.000195146709149325	0.822708740179468
9	0.14774699596335	0.145850822527406	0.647572152643084	0.0588300259435669
10	0.214872366938797	0.109568425307305	0.199838237698201	0.475720967133106
11	0.206015557618446	0.294932527638228	0.206015557618446	0.293036354202285
