Pos	A	C	G	T
1	0.269696730983354	0.232130127579016	0.275144966349124	0.223028175088506
2	0.157764742358438	0.358204821843572	0.172622123961357	0.311408311836634
3	0.118187431085002	0.524408920737865	0.117011446497145	0.240392201679987
4	0.583120300741911	0.113113700629921	0.11539874895764	0.188367249670528
5	0.739102956844464	0.0869590423958942	0.127158867599314	0.0467791331603286
6	0.0901640597960634	0.131845515152149	0.0776049254553035	0.700385499596484
7	0.336855824402583	0.270333131296264	0.125167772603941	0.267643271697211
8	0.412782204901801	0.151854086890435	0.117087334512763	0.318276373695001
9	0.309960898220656	0.243823878391464	0.256324995957084	0.189890227430796
