Pos	A	C	G	T
1	0.311028808576747	0.123950902562922	0.165651393342543	0.399368895517789
2	0.0823089590941639	0.0995320756650113	0.0293848713189289	0.788774093921896
3	0.0186357112185004	0.00862857783256183	0.958222204458264	0.0145135064906734
4	0.98864428024914	0.00340871228755286	0.000730763494843302	0.00721624396846326
5	0.0062315409833625	0.0026902218200788	0.0284920086813774	0.962586228515181
6	0.0499919512779162	0.0229166109856932	0.0541556343064716	0.872935803429919
7	0.288360776399152	0.0197709243732503	0.641758709961476	0.0501095892661215
8	0.329076027381823	0.189860351616341	0.374761120245903	0.106302500755934
9	0.259504022298523	0.232472561426087	0.232472561426087	0.275550854849302
10	0.23148339797562	0.253283181165773	0.218002854329216	0.297230566529391
