Pos	A	C	G	T
1	0.390118452171337	0.0998837577546152	0.194119537488242	0.315878260783214
2	0.0280023091811972	0.0280023091811972	0.0280023091811972	0.915993080653816
3	0.091217047088727	0.000178482171549746	0.817387431848403	0.091217047088727
4	0.999464561682757	0.000178482171549746	0.000178482171549746	0.000178482171549746
5	0.000178482171549746	0.000178482171549746	0.000178482171549746	0.999464561682757
6	0.182255612005905	0.000178482171549746	0.817387431848403	0.000178482171549746
7	0.000178482171549746	0.414182135647882	0.000178482171549746	0.585460908206425
8	0.182255612005905	0.000178482171549746	0.817387431848403	0.000178482171549746
9	0.363405780308951	0.150294726466286	0.336004774955883	0.150294726466286
10	0.222176175039704	0.222176175039704	0.222176175039704	0.333471483078295
