Pos	A	C	G	T
1	0.275970576592891	0.165719111140575	0.200395768464428	0.357914543802106
2	0.128037746903322	0.113559294402076	0.057531068191745	0.700871890502857
3	0.0278953207487513	0.0614644500388616	0.861313852647942	0.0493263765644446
4	0.879746546030825	0.0265660437806552	0.0524381222460729	0.0412492879424466
5	0.132476290907609	0.342545224975187	0.0981408501176609	0.426837633999542
6	0.361999765337612	0.122933500615592	0.233141033318296	0.2819257007285
7	0.249546547718667	0.252054532218091	0.228068372140331	0.270330547922912
8	0.211544678672153	0.2012275229512	0.45234095591925	0.134886842457397
9	0.118643730915449	0.495776462383419	0.220550158364907	0.165029648336225
10	0.336682852181851	0.175763861108682	0.227953439610385	0.259599847099082
