Pos	A	C	G	T
1	0.434425825220367	0.128255608922336	0.288306807593135	0.149011758264162
2	0.117800170293753	0.533249658308217	0.196171586336418	0.152778585061612
3	0.0176741596101059	0.88192204097269	0.0101971030366322	0.0902066963805717
4	0.957988283083308	0.0251494379380612	4.10658108021562e-06	0.0168581723975504
5	0.972476298252023	0.00738791608539572	0.00911430998303099	0.0110214756795501
6	0.0100647659877712	0.00425902733404467	0.00421664930401121	0.981459557374173
7	0.0152648313887676	0.939691452932999	0.000540939184856199	0.044502776493377
8	0.365766558443298	0.296484609987386	0.257751337367631	0.0799974942016856
9	0.297018731448969	0.195155212937889	0.27418284618727	0.233643209425873
