Pos	A	C	G	T
1	0.208846802438708	0.400441042936827	0.191983396030614	0.198728758593851
2	0.222568093385214	0.325810635538262	0.30674448767834	0.144876783398184
3	0.146692607003891	0.368482490272374	0.133463035019455	0.35136186770428
4	0.0637049455155071	0.0118548676805173	0.00119746138187043	0.923242725422105
5	0.933866279069767	0.000968992248062015	0.0628633720930233	0.00230135658914729
6	0.990747879722436	0.0	0.00925212027756361	0.0
7	0.000824693685202639	0.0	0.0908341187558907	0.908341187558907
8	0.00426191398682681	0.995738086013173	0.0	0.0
9	0.0406940063091483	0.810725552050473	0.0180862250262881	0.13049421661409
10	0.187572966662343	0.384096510572059	0.275651835516928	0.15267868724867
11	0.150453955901427	0.446303501945525	0.170687418936446	0.232555123216602
