Pos	A	C	G	T
1	0.285299287178986	0.24746118543111	0.372131627770726	0.0951078996191778
2	0.248205829224235	0.140775277059025	0.121881560318313	0.489137333398428
3	0.00128354725787631	0.0427071178529755	0.0	0.956009334889148
4	0.894334679620129	0.101560964960157	0.00124440563257286	0.00285994978714114
5	0.999438860154191	0.0	0.000561139845808529	0.0
6	0.0	0.0	0.000463595549482725	0.999536404450517
7	0.00223997932326779	0.021193650520149	0.0942514376790368	0.882314932477546
8	0.924571738100074	0.00214413072426479	0.0705306159297628	0.00275351524589794
9	0.155771096023278	0.0831455644258748	0.611281056479893	0.149802283070954
10	0.0732088368119126	0.341852801171732	0.246210179421457	0.338728182594898
