Pos	A	C	G	T
1	0.270983119323372	0.228618923671232	0.255202290981366	0.245195666024031
2	0.216975424419765	0.34028520204356	0.223583309848703	0.219156063687972
3	0.365502624720295	0.16754860034169	0.219482710207719	0.247466064730297
4	0.185416194636599	0.183571272674679	0.0958326076449802	0.535179925043742
5	0.195033273401434	0.0209716217209991	0.701464418771784	0.0825306861057835
6	0.127596555765632	0.214620934785293	6.35482109344915e-07	0.657781873966966
7	0.257505828048322	0.459915304991376	0.121637140321312	0.16094172663899
8	0.447523421253072	0.162996523850952	0.235975709634075	0.153504345261901
9	0.372269054843177	0.155962697286417	0.151353302982549	0.320414944887856
10	0.277861658306119	0.241561320955705	0.182568118951523	0.298008901786654
