Pos	A	C	G	T
1	0.177458001813282	0.251824891596548	0.286785334171499	0.283931772418671
2	0.148611667491273	0.523918765735452	0.084888331472729	0.242581235300547
3	0.745160730578293	0.089442856026121	0.0732296168741848	0.0921667965214011
4	0.886167582727594	0.0713006952507887	0.000563778451724981	0.0419679435698924
5	0.0204773626545054	0.00641937021436651	0.00113805426116466	0.971965212869963
6	0.35626453958549	0.309721511476532	0.128467190359748	0.205546758578231
7	0.924456218413264	0.00530794998328979	0.0384441174942031	0.0317917141092431
8	0.10645442765004	0.0658722318194125	0.130023731545729	0.697649608984819
9	0.233577542891685	0.111443096080761	0.266004735546436	0.388974625481118
