Pos	A	C	G	T
1	0.387616520759618	0.167338131090631	0.221410069976375	0.223635278173377
2	0.198421923998254	0.308091153680104	0.340493383157876	0.152993539163766
3	0.340339017692363	0.379912981964441	0.134282022235837	0.145465978107358
4	0.150687090974477	0.300427193900023	0.131001063510048	0.417884651615452
5	0.120155282465344	0.00443170739978227	0.811419291839355	0.0639937182955183
6	0.0831663790243184	2.35985092257596e-06	7.35965719630689e-05	0.916757664552796
7	0.10305102948704	0.776832144756688	0.0406591660481106	0.0794576597081611
8	0.5880283695468	0.0749465501355907	0.139320243672105	0.197704836645504
9	0.294539951204801	0.285834980099743	0.20142450611318	0.218200562582275
10	0.285359373362017	0.240747663398437	0.205151626078649	0.268741337160897
