Pos	A	C	G	T
1	0.306308805486683	0.231230399514039	0.231230399514039	0.231230399514039
2	0.165399798391186	0.165399798391186	0.165399798391186	0.503800608855241
3	0.668968262282494	0.207634848857344	0.0616984464444807	0.0616984464444807
4	0.924324509901088	9.04569983440761e-05	9.04569983440761e-05	0.0754945801310223
5	9.04569983440761e-05	9.04569983440761e-05	9.04569983440761e-05	0.999728633033769
6	0.260897412125387	9.04569983440761e-05	9.04569983440761e-05	0.738921677906723
7	0.999728633033769	9.04569983440761e-05	9.04569983440761e-05	9.04569983440761e-05
8	0.92167953441346	9.04569983440761e-05	9.04569983440761e-05	0.0781395556186494
9	0.0188600584915052	0.0188600584915052	0.0188600584915052	0.943419828554282
10	0.0846906596143579	0.0846906596143579	0.745928025185724	0.0846906596143579
11	0.320020682129752	0.30319529877692	0.188392011561063	0.188392011561063
