Pos	A	C	G	T
1	0.398809523809524	0.00198412698412698	0.200396825396825	0.398809523809524
2	0.00099601593625498	0.00099601593625498	0.00099601593625498	0.997011952191235
3	0.299800796812749	0.00099601593625498	0.00099601593625498	0.698207171314741
4	0.997011952191235	0.00099601593625498	0.00099601593625498	0.00099601593625498
5	0.00099601593625498	0.897410358565737	0.00099601593625498	0.100597609561753
6	0.997011952191235	0.00099601593625498	0.00099601593625498	0.00099601593625498
7	0.00099601593625498	0.997011952191235	0.00099601593625498	0.00099601593625498
8	0.00099601593625498	0.997011952191235	0.00099601593625498	0.00099601593625498
9	0.200396825396825	0.200396825396825	0.200396825396825	0.398809523809524
