Pos	A	C	G	T
1	0.253598743408621	0.283086715957711	0.253598743408621	0.209715797225047
2	0.214157120209658	0.316305953402049	0.18617925612796	0.283357670260332
3	0.188419523369709	0.10762693956503	0.0262763943874196	0.677677142677841
4	0.690459353530782	0.0699203758130216	0.139401339332372	0.100218931323824
5	0.753766053884624	0.111617968697773	0.0423124786878131	0.0923034987297897
6	0.154092012550326	0.197858060614831	0.146576856419641	0.501473070415202
7	0.181701964830424	0.380835601093901	0.187235613486825	0.250226820588851
8	0.30540329842206	0.257658017758575	0.217377004303117	0.219561679516248
9	0.263517493494995	0.300101201088074	0.207290202269989	0.229091103146942
10	0.250102906270575	0.233194404149958	0.276406458531772	0.240296231047695
