Pos	A	C	G	T
1	0.288128275519368	0.164581482543356	0.309019932741539	0.238270309195737
2	0.162123914947582	0.343216330593873	0.190254176633598	0.304405577824947
3	0.171588522664161	0.525893804824625	0.122131618166042	0.180386054345172
4	0.492036733794323	0.15894422842728	0.218886509936336	0.130132527842061
5	0.602710731820175	0.139971295132075	0.202641289009299	0.0546766840384505
6	0.0236874953962699	0.105103679652763	0.0382807549588708	0.832928069992097
7	0.528153863984342	0.0693653629967533	0.198222007087381	0.204258765931523
8	0.332990380296952	0.197969623380332	0.132703007066926	0.336336989255789
9	0.354698481287623	0.162595916044497	0.217297651631906	0.265407951035974
