Pos	A	C	G	T
1	0.315585018111698	0.211542963883081	0.248247967791916	0.224624050213305
2	0.159846420449807	0.297142993331796	0.233740957284977	0.309269628933421
3	0.0490768355321688	0.412975034381606	0.0435272484037693	0.494420881682456
4	0.60750234427749	0.221263883957795	0.0545630020268201	0.116670769737895
5	0.795033009142955	0.116557374301592	0.0428790617297214	0.0455305548257313
6	0.000127210834462494	0.0384012704593091	0.000359907057207938	0.96111161164902
7	0.265460644028861	0.0654617888789772	0.0723464653130318	0.59673110177913
8	0.450376485739595	0.0412678550308367	0.0579791734899727	0.450376485739595
9	0.509296162290452	0.154938722307459	0.196965719077259	0.13879939632483
