Pos	A	C	G	T
1	0.293036354202285	0.206015557618446	0.294932527638228	0.206015557618446
2	0.475720967133106	0.199838237698201	0.109568425307305	0.214872366938797
3	0.0588300259435669	0.647572152643084	0.145850822527406	0.14774699596335
4	0.822708740179468	0.000195146709149325	0.176900963479641	0.000195146709149325
5	0.000195146709149325	0.912393760366121	0.000195146709149325	0.0872159432929881
6	0.999414556949959	0.000195146709149325	0.000195146709149325	0.000195146709149325
7	0.000195146709149325	0.000195146709149325	0.000195146709149325	0.999414556949959
8	0.0872159432929881	0.912393760366121	0.000195146709149325	0.000195146709149325
9	0.867461231997244	0.0441795883600548	0.0441795883600548	0.0441795883600548
10	0.372945057263688	0.140626720671197	0.140626720671197	0.345801498471326
11	0.318870161277376	0.191365120034934	0.191365120034934	0.298399595730163
