Pos	A	C	G	T
1	0.225696532584006	0.225696532584006	0.225696532584006	0.322910398716736
2	0.225696532584006	0.225696532584006	0.322910398716736	0.225696532584006
3	0.536374688333867	0.124999072095216	0.124999072095216	0.213627163944455
4	0.000134054415609682	0.000134054415609682	0.000134054415609682	0.999597833221927
5	0.000134054415609682	0.000134054415609682	0.000134054415609682	0.999597833221927
6	0.000134054415609682	0.000134054415609682	0.999597833221927	0.000134054415609682
7	0.999597833221927	0.000134054415609682	0.000134054415609682	0.000134054415609682
8	0.000134054415609682	0.0916986368355069	0.723191486327082	0.184975818890557
9	0.92668743362238	0.0244375209487922	0.0244375209487922	0.0244375209487922
10	0.0244375209487922	0.0244375209487922	0.419860019072757	0.531264935498413
11	0.211022455950156	0.22164913837009	0.442193420710929	0.125134981437582
