Pos	A	C	G	T
1	0.321662547645634	0.226112484274007	0.226112484274007	0.226112484274007
2	0.345112888654982	0.233341168082519	0.266148551483858	0.155397392246294
3	0.0607373015193029	0.21316388827695	0.0607373015193029	0.665361509152098
4	4.41913849336986e-05	4.41913849336986e-05	4.41913849336986e-05	0.999867426312854
5	0.999867426312854	4.41913849336986e-05	4.41913849336986e-05	4.41913849336986e-05
6	0.999867426312854	4.41913849336986e-05	4.41913849336986e-05	4.41913849336986e-05
7	4.41913849336986e-05	4.41913849336986e-05	4.41913849336986e-05	0.999867426312854
8	4.41913849336986e-05	4.41913849336986e-05	4.41913849336986e-05	0.999867426312854
9	0.928204878784131	0.0239317072278405	0.0239317072278405	0.0239317072278405
10	0.202025211330298	0.0946467992555533	0.608681190626252	0.0946467992555533
11	0.270280541619142	0.189306889982544	0.270349616041741	0.270062952824227
