Pos	A	C	G	T
1	0.273805840741062	0.238035362554164	0.311817862949137	0.176340933755637
2	0.1119695949987	0.402714293341178	0.304364915373486	0.180951196286637
3	0.021832519252083	0.291022495025353	0.00625512149458465	0.680889864227979
4	0.852480491048284	0.116530183447015	0.0196514342432813	0.0113378912614188
5	0.979742688489156	0.00693991811361885	0.011673134152728	0.00164425924449702
6	0.00704762177326782	0.00440477959464055	0.00349974539969886	0.985047853232393
7	0.00979762552979167	0.102733685588631	0.0485279569180274	0.83894073196355
8	0.938832859006752	0.0100205447976679	0.0132584815570303	0.0378881146385494
9	0.514088466637759	0.0520599201164267	0.331091696198104	0.10275991704771
