Pos	A	C	G	T
1	0.387636640176647	0.0873626990029792	0.170727446803789	0.354273214016584
2	0.488650849633754	0.0520210386353389	0.0470705822831439	0.412257529447763
3	0.180890106657292	0.0626704284938609	0.131353176772448	0.625086288076399
4	0.195932383687774	0.145150279864858	0.637637294857111	0.0212800415902568
5	0.0662091618950477	0.183610901062184	0.0203446677550024	0.729835269287766
6	0.00606256411625591	0.0117298025776454	0.94589619371836	0.0363114395877384
7	0.142484007647019	0.14536237553338	0.0340976943152131	0.678055922504388
8	0.000623049643328968	0.98917466103174	0.00120547167373045	0.00899681765120052
9	0.6266822948526	0.105682541161742	0.119156732424357	0.148478431561302
10	0.302873559059975	0.195061603032194	0.143067339027683	0.358997498880148
