Pos	A	C	G	T
1	0.333471483078295	0.222176175039704	0.222176175039704	0.222176175039704
2	0.150294726466286	0.336004774955883	0.150294726466286	0.363405780308951
3	0.000178482171549746	0.817387431848403	0.000178482171549746	0.182255612005905
4	0.585460908206425	0.000178482171549746	0.414182135647882	0.000178482171549746
5	0.000178482171549746	0.817387431848403	0.000178482171549746	0.182255612005905
6	0.999464561682757	0.000178482171549746	0.000178482171549746	0.000178482171549746
7	0.000178482171549746	0.000178482171549746	0.000178482171549746	0.999464561682757
8	0.091217047088727	0.817387431848403	0.000178482171549746	0.091217047088727
9	0.915993080653816	0.0280023091811972	0.0280023091811972	0.0280023091811972
10	0.315878260783214	0.194119537488242	0.0998837577546152	0.390118452171337
