Pos	A	C	G	T
1	0.268385636597931	0.233323263444679	0.257862085265207	0.240429014692182
2	0.145971309674956	0.328130072799073	0.305946452006761	0.21995216551921
3	0.0731652439237681	0.311911813300906	0.0850058857660479	0.529917057009278
4	0.653647483714139	0.171154762427707	0.0858471329504271	0.0893506209077273
5	0.80688938042267	0.0485787690328861	0.0903044359841538	0.05422741456029
6	0.0757829284967003	0.0415905529804848	0.00442766806828337	0.878198850454532
7	0.103368382650289	0.410879152332382	0.0665730032201917	0.419179461797137
8	0.792087218898198	0.0197800036603124	0.0329394659286787	0.155193311512811
9	0.410705229141303	0.1313513446641	0.319857554080271	0.138085872114327
10	0.14918368848051	0.280108871714881	0.332014404531991	0.238693035272618
