Pos	A	C	G	T
1	0.25578414781396	0.245754707923889	0.271600956173071	0.22686018808908
2	0.23588811734586	0.258102711827554	0.255534546935511	0.250474623891076
3	0.223912078169378	0.29924225615181	0.268071427788919	0.208774237889893
4	0.203391746347289	0.325425613078171	0.19936431993183	0.27181832064271
5	0.395795535085032	0.204567450517355	0.188839557513761	0.210797456883852
6	0.640143429989272	0.0840735710162465	0.202692947650393	0.0730900513440882
7	0.123324321250891	0.205370906284099	0.134938300866074	0.536366471598936
8	0.353964179877925	0.257030748390824	0.204219566481021	0.184785505250231
9	0.385769834028146	0.182224766674429	0.218162654646815	0.21384274465061
10	0.334720978740922	0.200998467886949	0.252976673668498	0.21130387970363
