Pos	A	C	G	T
1	0.259599847099082	0.227953439610385	0.175763861108682	0.336682852181851
2	0.165029648336225	0.220550158364907	0.495776462383419	0.118643730915449
3	0.134886842457397	0.45234095591925	0.2012275229512	0.211544678672153
4	0.270330547922912	0.228068372140331	0.252054532218091	0.249546547718667
5	0.2819257007285	0.233141033318296	0.122933500615592	0.361999765337612
6	0.426837633999542	0.0981408501176609	0.342545224975187	0.132476290907609
7	0.0412492879424466	0.0524381222460729	0.0265660437806552	0.879746546030825
8	0.0493263765644446	0.861313852647942	0.0614644500388616	0.0278953207487513
9	0.700871890502857	0.057531068191745	0.113559294402076	0.128037746903322
10	0.357914543802106	0.200395768464428	0.165719111140575	0.275970576592891
