Pos	A	C	G	T
1	0.30955797913534	0.207502918838717	0.269116778501082	0.213822323524861
2	0.196880657149693	0.400453535591089	0.247793997033901	0.154871810225317
3	0.292443503654209	0.177375951215039	0.280976629861566	0.249203915269186
4	0.111144932740507	0.293194159460082	0.0667420407238092	0.528918867075602
5	0.0821733321872409	0.00035658980065499	0.879040369347667	0.0384297086644375
6	0.000185945117820359	0.0190619897143653	0.000611216702269112	0.980140848465545
7	0.0913195953918374	0.807841107961268	0.0371277768317514	0.0637115198151434
8	0.609681567016288	0.0717319890864969	0.147368580626926	0.171217863270289
9	0.295944088643871	0.235137522898914	0.219240773181532	0.249677615275683
