Pos	A	C	G	T
1	0.404262396090829	0.198579203807118	0.198579203807118	0.198579203807118
2	0.210357587898223	0.445164546474911	0.227255240696862	0.117222632442188
3	0.0235699101006267	0.0235699101006267	0.0235699101006267	0.929290277210304
4	0.814468624804377	0.000159011080830278	0.0920784050901124	0.0932939665368654
5	0.999522974269693	0.000159011080830278	0.000159011080830278	0.000159011080830278
6	0.000159011080830278	0.000159011080830278	0.000159011080830278	0.999522974269693
7	0.0932939665368654	0.906388018813658	0.000159011080830278	0.000159011080830278
8	0.999522974269693	0.000159011080830278	0.000159011080830278	0.000159011080830278
9	0.444432611963429	0.0515798091517578	0.0515798091517578	0.452407777245241
10	0.225863105986222	0.132936380516689	0.132936380516689	0.508264140492587
11	0.22658910285825	0.22658910285825	0.22658910285825	0.320232698937436
