Pos	A	C	G	T
1	0.183057005399568	0.192442538764091	0.244642413879629	0.379858041956713
2	0.0898504424985067	0.307398987660737	0.0645956155751368	0.53815495426562
3	0.688220304783022	0.122010730698393	0.0793690899789055	0.110399874539679
4	0.818577666871178	0.107508324515899	0.0727892501840629	0.00112475842886053
5	0.000245217908584179	0.0704139895130782	7.76450063830613e-05	0.929263147571955
6	0.397696401272405	0.161691290569957	0.0771451647591222	0.363467143398515
7	0.315945775376912	0.109461249648161	0.074111491570328	0.500481483404599
8	0.450724303769138	0.183250826848088	0.232957457916886	0.133067411465888
9	0.247416905485826	0.223872073942022	0.20460366989007	0.324107350682082
