Pos	A	C	G	T
1	0.125	0.875	0.0	0.0
2	1.0	0.0	0.0	0.0
3	1.0	0.0	0.0	0.0
4	0.0	0.0	0.0	1.0
5	0.564102564102559	0.17948717948718	0.20512820512821	0.051282051282051
6	1.0	0.0	0.0	0.0
7	0.0	0.0	0.0	1.0
8	0.0256410256410261	0.0	0.153846153846151	0.820512820512823
9	0.0769230769230772	0.1025641025641	0.820512820512822	0.0
10	0.194444444444441	0.277777777777781	0.472222222222222	0.0555555555555562
11	0.388888888888892	0.222222222222221	0.333333333333331	0.0555555555555562
12	0.11764705882353	0.5	0.26470588235294	0.11764705882353
13	0.3	0.4	0.3	0.0
