Pos	A	C	G	T
1	0.0666666666666672	0.266666666666671	0.533333333333332	0.13333333333333
2	0.0	0.75	0.0625	0.1875
3	1.0	0.0	0.0	0.0
4	1.0	0.0	0.0	0.0
5	0.0	0.0	0.0	1.0
6	0.8	0.0	0.2	0.0
7	1.0	0.0	0.0	0.0
8	0.0	0.0	0.0	1.0
9	0.0416666666666668	0.0	0.0416666666666668	0.916666666666666
10	0.130434782608699	0.173913043478258	0.565217391304344	0.130434782608699
11	0.45454545454545	0.13636363636364	0.22727272727273	0.18181818181818
12	0.526315789473681	0.15789473684211	0.263157894736841	0.0526315789473681
