Pos	A	C	G	T
1	0.122111679984322	0.224738169977971	0.20954448078691	0.443605669250797
2	0.0184958979456096	0.970245346605274	0.00546054703901687	0.00579820841009941
3	0.745660037030667	0.0859933340551753	0.0770357640560145	0.0913108648581436
4	0.00754607155669517	0.773578462740571	0.0563187267340784	0.162556738968655
5	0.141821348731712	0.0676649390063172	0.784124773615884	0.00638893864608691
6	0.0163083022533815	0.0117244255425907	0.0452260984104345	0.926741173793593
7	0.0010976580951637	0.00346661601273635	0.985529346769165	0.00990637912293513
8	0.829137308072557	0.0752176396147209	0.0447184323246954	0.0509266199880263
9	0.0202202866702753	0.576333444837429	0.0432365581531294	0.360209710339166
10	0.211790187924969	0.401656041780695	0.147761000218368	0.238792770075967
