Pos	A	C	G	T
1	0.410714886188325	0.214411971811032	0.289425888584196	0.0854472534164476
2	0.136649648340547	0.139410154350741	0.123645714982071	0.600294482326641
3	0.144500370338271	0.823268234278504	0.0152302269883429	0.0170011683948822
4	0.850586391554733	0.0241896773082383	0.0346717760125129	0.0905521551245161
5	0.0159697487914916	0.652425027003477	0.202491160076129	0.129114064128903
6	0.215778855486185	0.133520372088611	0.610485209171601	0.0402155632536029
7	0.0692967822833878	0.491960521829886	0.0153083506507826	0.423434345235943
8	0.0688914489488034	0.479398437084036	0.358716384841657	0.0929937291255036
9	0.755783893390927	0.0608100748757429	0.0880368503123807	0.0953691814209498
10	0.0835130287168743	0.417799917621573	0.146203962777244	0.352483090884308
