Pos	A	C	G	T
1	0.388135173508067	0.112825075609455	0.260346266361093	0.238693656175619
2	0.249054316628862	0.172338608536403	0.128936999005956	0.449670009663408
3	0.199249735711658	0.410304552657255	0.16248743411601	0.227958433109514
4	0.479654955411275	0.0348392751394948	0.286042098973204	0.199463644441647
5	0.1299119679953	0.429844074062134	0.141335539206508	0.298908495812703
6	0.298908495812703	0.141335539206508	0.429844074062134	0.1299119679953
7	0.199463644441647	0.286042098973204	0.0348392751394948	0.479654955411275
8	0.227958433109514	0.16248743411601	0.410304552657255	0.199249735711658
9	0.449670009663408	0.128936999005956	0.172338608536403	0.249054316628862
10	0.238693656175619	0.260346266361093	0.112825075609455	0.388135173508067
