Pos	A	C	G	T
1	0.290008616446188	0.18432754659591	0.263068352831128	0.262595609567974
2	0.207830281282814	0.20390724695092	0.238413601949621	0.349848882775085
3	0.20672881977336	0.418403739525262	0.132531876862404	0.24233550011644
4	0.549338568896121	0.0170354605328623	0.251220681178915	0.182405248709339
5	0.114245594897262	0.538554584122765	0.0723480719956983	0.274851986293837
6	0.274851986293837	0.0723480719956983	0.538554584122765	0.114245594897262
7	0.182405248709339	0.251220681178915	0.0170354605328623	0.549338568896121
8	0.24233550011644	0.132531876862404	0.418403739525262	0.20672881977336
9	0.349848882775085	0.238413601949621	0.20390724695092	0.207830281282814
10	0.262595609567974	0.263068352831128	0.18432754659591	0.290008616446188
