Pos	A	C	G	T
1	0.589916208301773	0.05982698648854	0.324325641327877	0.0259314220120421
2	0.0771412003884899	0.0449044668337468	0.0312611752136743	0.846693450402814
3	0.0341961233453645	0.945901079556902	0.0166108796276485	0.00329173839367043
4	0.962384249234423	0.000815665916565926	0.0191015876169524	0.0176981064812175
5	0.000622642705942315	0.925283368031459	0.0436469125921137	0.0304471047583912
6	0.0304471047583912	0.0436469125921137	0.925283368031459	0.000622642705942315
7	0.0176981064812175	0.0191015876169524	0.000815665916565926	0.962384249234423
8	0.00329173839367043	0.0166108796276485	0.945901079556902	0.0341961233453645
9	0.846693450402814	0.0312611752136743	0.0449044668337468	0.0771412003884899
10	0.0259314220120421	0.324325641327877	0.05982698648854	0.589916208301773
