Pos	A	C	G	T
1	0.408212550191483	0.126695680614147	0.302411295108122	0.162680474086249
2	0.191024731435208	0.206934621167048	0.159557267815518	0.442483379582226
3	0.167444440926027	0.584438525028923	0.0966070384505107	0.151509995594539
4	0.784067356330491	0.0476791850633912	0.129605462331665	0.0386479962744525
5	0.0995976028190446	0.446365487872915	0.18330255545267	0.270734353855371
6	0.216311164161568	0.201687192643292	0.418517182218736	0.163484460976404
7	0.238057384972479	0.276583221588369	0.119403887380554	0.365955506058599
8	0.242128853786024	0.214749028746077	0.336793518579057	0.206328598888843
9	0.366057366409835	0.219815830139699	0.171192740651516	0.24293406279895
