Pos	A	C	G	T
1	0.339408944141609	0.220197016890269	0.220197016890269	0.220197016890269
2	0.168352115641042	0.168352115641042	0.168352115641042	0.494943647889292
3	0.168352115641042	0.494943647889292	0.168352115641042	0.168352115641042
4	0.573389420935355	0.154731487079912	0.0742704052108503	0.197608681586298
5	0.0216545383127862	0.935036379874056	0.0216545383127862	0.0216545383127862
6	0.102115620181848	0.0216545383127862	0.854575298004995	0.0216545383127862
7	0.000213227399686743	0.0806743092687488	0.000213227399686743	0.918899230744293
8	0.582192101221565	0.0850929406297385	0.332501725561423	0.000213227399686743
9	0.327972493352973	0.526229839382003	0.0300162092125216	0.115781452864919
10	0.081861110461749	0.081861110461749	0.583378902414566	0.252898871474351
11	0.668651419774771	0.167626354114147	0.081861110461749	0.081861110461749
12	0.17594282089194	0.258334596198593	0.17594282089194	0.389779756829942
13	0.228558687790004	0.228558687790004	0.314323931442401	0.228558687790004
14	0.228558687790004	0.228558687790004	0.228558687790004	0.314323931442401
