Pos	A	C	G	T
1	0.435784583409744	0.102756892230576	0.250443181123541	0.211015343236139
2	0.540191943272816	0.0621064857265114	0.260957271226848	0.136744299773825
3	0.253384094754653	0.00761421319796954	0.735194585448393	0.00380710659898477
4	0.0123285292585518	0.000810325866759275	0.0399953695664757	0.946865775308213
5	0.0	0.999328039095907	0.000610873549175321	6.10873549175321e-05
6	0.998961895456766	0.0	0.000549584758182706	0.000488519785051295
7	0.0	0.999205961397508	0.0	0.00079403860249206
8	0.00042763760767304	0.000183273260431303	0.999389089131896	0.0
9	0.000305268941937847	0.000915806825813542	0.0	0.998778924232249
10	0.0	0.00079399010566176	0.999144933732364	6.10761619739816e-05
11	0.94917319408181	0.0374818682912678	0.00150855816652161	0.0118363794604003
12	0.00332990252467155	0.73857237997215	0.00623599927347581	0.251861718229703
13	0.13221271393643	0.265097799511002	0.0632029339853301	0.539486552567237
14	0.215979948648979	0.243978481476953	0.105086196356523	0.434955373517545
