Pos	A	C	G	T
1	0.27566824881339	0.10885585810642	0.524668998251312	0.0908068948288783
2	0.134660360688114	0.0331583597526116	0.301699495868198	0.530481783691076
3	0.000748876684972541	0.999251123315027	0.0	0.0
4	0.975152253349574	0.00140073081607795	0.0183922046285018	0.00505481120584653
5	0.0	1.0	0.0	0.0
6	0.0	0.0	1.0	0.0
7	0.0055746140651801	0.0135383484440088	0.0	0.980887037490811
8	0.0	0.0	0.996825001556372	0.00317499844362821
9	0.531298660853317	0.299802761341223	0.0380462991799024	0.130852278625558
10	0.0939295528353735	0.533162628028978	0.100049962528104	0.272857856607544
