Pos	A	C	G	T
1	0.486636971046771	0.0746102449888641	0.396436525612472	0.0423162583518931
2	0.419924337957125	0.348045397225725	0.195460277427491	0.0365699873896595
3	0.021608643457383	0.953181272509004	0.0252100840336134	0.0
4	0.982673267326733	0.0	0.0	0.0173267326732673
5	0.0	0.0376811594202899	0.195169082125604	0.767149758454106
6	0.770873786407767	0.171844660194175	0.0572815533980583	0.0
7	0.0	0.0123915737298637	0.00371747211895911	0.983890954151177
8	0.00496277915632754	0.00992555831265509	0.985111662531017	0.0
9	0.0238993710691824	0.216352201257862	0.358490566037736	0.40125786163522
10	0.0307867730900798	0.428734321550741	0.0649942987457241	0.475484606613455
