Pos	A	C	G	T
1	0.0294117647059118	0.0588235294118235	0.882352941176353	0.0294117647059118
2	0.0882352941176353	0.205882352941082	0.5000000000002	0.205882352941082
3	0.0294117647059088	0.911764705882274	0.0294117647059088	0.0294117647059088
4	0.647058823529129	0.0294117647059059	0.294117647059059	0.0294117647059059
5	0.0294117647059118	0.882352941176353	0.0294117647059118	0.0588235294118235
6	0.0588235294118235	0.0294117647059118	0.882352941176353	0.0294117647059118
7	0.0294117647059059	0.294117647059059	0.0294117647059059	0.647058823529129
8	0.0294117647059088	0.0294117647059088	0.911764705882274	0.0294117647059088
9	0.205882352941082	0.5000000000002	0.205882352941082	0.0882352941176353
10	0.0294117647059118	0.882352941176353	0.0588235294118235	0.0294117647059118
