0.2847066563605252
0.04349684213489784
0.16063232537480665
0.27182089983397983
0.2038448383890586
0.10014450167719201
0.14497125639999756
0.3031777862055422
0.10537291557817545
0.2597382185608063
0.11341473408774509
0.04858991681988468
0.4388771404672979
0.2711743797299611
0.23281167122233262
0.17592188465825473
0.056717596620388236
0.12295757265614292
0.22770997710931487
0.1668111910015709
0.09462790114086675
0.1179057839579852
0.09566018257845037
0.007752242795227547
0.1932677791026033
0.19653310179003902
0.23272044793288213
0.12131307430060459
0.06232855330186227
0.30473516443635174
0.29130432673342377
0.2850849364532112
0.36394029867290156
0.28415996455147896
0.12703167344047828
0.14672179821362474
0.18371469365806015
0.12677012729323636
0.12186772517835878
